
2.000000  2.221403  2.491825  2.822119  3.225541  3.718282  
2.221403  2.442883  2.713343  3.043644  3.447037  3.939685  
2.491825  2.713343  2.983821  3.314125  3.717500  4.210107  
2.822119  3.043644  3.314125  3.644429  4.047802  4.540401  
3.225541  3.447037  3.717500  4.047802  4.451191  4.943823  
3.718282  3.939685  4.210107  4.540401  4.943823  5.436564  